嫌疑人X的献身 0 0 0 1 19.0 13 7
反转人生 0 0 0 1 13.0 12 3
三生三世十里桃花 0 0 0 1 18.5 18 15
明月几时有 0 0 0 1 17.0 9 0
鲛珠传 0 0 0 1 13.0 1 0
父子雄兵 0 0 0 1 14.5 17 0
非凡任务 0 0 0 1 18.0 12 9
乘风破浪 0 0 0 1 12.5 10 2
悟空传 0 0 0 1 11.5 16 3
有完没完 0 0 0 1 18.0 8 6
#10
血狼犬 0 0 0 1 17.5 14 0
临时演员 0 0 0 1 15.5 12 9
欢乐喜剧人 0 0 0 1 13.0 3 0
李雷和韩梅梅 0 0 0 1 17.5 14 3
绝世高手 0 0 0 1 19.5 17 5
摇滚藏獒 0 0 0 1 13.0 13 3
小情书 0 0 0 1 11.5 19 12
碟仙之毕业照 0 0 0 1 13.0 19 0
战刀屠狼 0 0 0 1 19.5 20 17
怨灵宿舍之人偶老师 0 0 0 1 14.5 16 8
#10
京城81号2 0 0 0 1 14.5 17 1
绑架者 0 0 0 1 14.0 12 11
失恋399年 0 0 0 1 16.5 16 15
傲娇与偏见 0 0 0 1 18.0 8 1
玩偶奇兵 0 0 0 1 17.5 16 12
麻辣学院 0 0 0 1 11.0 13 5
冈仁波齐 0 0 0 1 14.0 15 7
阿唐奇遇 0 0 0 1 16.5 5 4
忠爱无言 0 0 0 1 17.0 15 7
倒霉特工熊 0 0 0 1 15.5 18 8
诡异酒楼 0 0 0 1 15.0 13 10
功夫瑜伽 0 0 0 1 18.0 8 6
荒野加油站 0 0 0 1 15.5 16 13
大闹天竺 0 0 0 1 14.0 20 5
通灵姐妹 0 0 0 1 19.5 11 2
我是谁的宝贝 0 0 0 1 17.5 16 6
游戏规则 0 0 0 1 17.5 17 7
上海王 0 0 0 1 18.0 17 13
小满的故事之青涩年华 0 0 0 1 15.5 12 10
毒。诫 0 0 0 1 15.0 19 7
喜欢你 0 0 0 1 14.5 16 7
惊门 0 0 0 1 15.5 14 10
春娇救志明 0 0 0 1 11.0 15 10
美好的意外 0 0 0 1 19.0 12 11
怨灵宿舍之白纸女生 0 0 0 1 17.0 18 2
夜半凶铃 0 0 0 1 12.5 17 1
午夜惊魂路 0 0 0 1 14.5 1 0
麻烦家族 0 0 0 1 16.5 18 16
惊魂绣花鞋 0 0 0 1 15.0 19 11
合约男女 0 0 0 1 10.5 15 10
我们的青春不怕疼 0 0 0 1 16.5 20 6
谁知道 0 0 0 1 17.5 7 6
斗魂之熊孩子 0 0 0 1 17.0 17 16
诡眼 0 0 0 1 14.5 14 10
牧野传奇 0 0 0 1 11.0 2 0
血伞凶灵 0 0 0 1 16.0 18 16
男模的秘密 0 0 0 1 19.0 8 6
我的爸爸是国王 0 0 0 1 16.0 17 1
小阴谋大爱情 0 0 0 1 14.5 13 0
借眼 0 0 0 1 14.0 6 2
内心引力 0 0 0 1 13.5 9 3
消失的妻子 0 0 0 1 15.0 15 8
惊悚小说 0 0 0 1 16.0 19 11
宽恕 0 0 0 1 14.5 17 5
海角有个五店市 0 0 0 1 15.5 8 8
花开莱州 0 0 0 1 15.0 3 3
帅位 0 0 0 1 11.5 10 7
八万里 0 0 0 1 19.5 15 4
S的秘密 0 0 0 1 15.0 14 3